138568751
148766285
155750183
157103308
158118367
185173921
186885457
185951979
397850128
397863019
397956479
406636518
406636519
406636521
406636523
406636527
406636528
406636709
406636712
406636716
406636739
406636742
406636753
406636749
406636816
406636820
406636837
406636846
406636862
406636867
406636895
406636935
406636943
406636954
406636978
406637013
406637015
500324896
501542646
501543050
512106668
515322664
559879779
160766422
560767754
561215244
581767408
581767756
582217870
585984557
585984579
585984652
585984791
586430847
586431421
586433732
586874204
767988685
767988745
768218779
768216605
772431404
776320050
785546454
786545944
789654644
789658698
789989402
802322868
802324018
802324686
802326131
806989068
806989882
809542882
860764569
970103472
970103544
970109398
974212500
975544460
975544476
988988462
