1012102031
1012102036
1012321031
1012321032
1011101491
1011101513
1011104424
1011432002
1012323032
1012323044
1021105201
1021321244
1044100540
1044321022
1050101081
1058101050
1058101051
1058102200
1058102201
1066100505
1066105009
1066108006
1066108009
1070100909
1070102009
1070102022
1070107766
1070211110
1070211121
1072100770
1090100804
1090104100
1091100077
1091101311
1100100354
1100101056
1100101057
1100101058
1100211044
1100211050
1100211051
1100211221 
1100320323
1477460660
1490900919
1490900929
1490900988
1494633122
